>>>>>>>>>>>>>Session 01>>>>>>>>>>>>>>>

17:14:12.914 -> Recoverd Spectrum ==>[77] [96] [85] [108] [70] [0] [0] [0] [0] [0] 
17:14:12.961 -> NON Recoverd Spectrum ==>[61] [62] [63] [64] [65] [66] [67] [68] [69] [-1] [71] [72] [73] [74] [75] [76] [78] [79] [80] [81] [82] [83] [84] [-1] [86] [87] [88] [89] [90] [91] [92] [93] [94] [95] [97] [98] [99] [100] [101] [102] [103] [104] [105] [106] [107] [-1] [109] [110] [111] [112] [113] [114] [115] [116] [117] [118] [119] [120] [121] [122] [123] [124] [125] [0] [0] 
17:14:13.290 -> Recoverd Node ==>[2] [4] [6] [6] [5] [0] [0] [0] [0] [0] 
17:14:13.337 -> Scan finished with :9827125  uS

>>>>>>>>>>>>>Session 02>>>>>>>>>>>>>>>
17:19:13.054 -> Scan ==>0
17:19:13.054 -> Recoverd Spectrum ==>[72] [0] [0] [0] [0] [0] [0] [0] [0] [0] 
17:19:13.101 -> NON Recoverd Spectrum ==>[61] [62] [63] [64] [65] [66] [67] [68] [69] [70] [71] [-1] [73] [74] [75] [76] [77] [78] [79] [80] [81] [82] [83] [84] [85] [86] [87] [88] [89] [90] [91] [92] [93] [94] [95] [96] [97] [98] [99] [100] [101] [102] [103] [104] [105] [106] [107] [108] [109] [110] [111] [112] [113] [114] [115] [116] [117] [118] [119] [120] [121] [122] [123] [124] [125] 
17:19:13.420 -> Recoverd Node ==>[6] [0] [0] [0] [0] [0] [0] [0] [0] [0] 
17:19:13.467 -> Scan finished with :9828080  uS


>>>>>>>>>>>>>Session 03>>>>>>>>>>>>>>>
17:21:46.012 -> Scan ==>0
17:21:46.012 -> Recoverd Spectrum ==>[66] [77] [96] [116] [90] [111] [0] [0] [0] [0] 
17:21:46.059 -> NON Recoverd Spectrum ==>[61] [62] [63] [64] [65] [67] [68] [69] [70] [71] [72] [73] [74] [75] [76] [78] [79] [80] [81] [82] [83] [84] [85] [86] [87] [88] [89] [-1] [91] [92] [93] [94] [95] [97] [98] [99] [100] [101] [102] [103] [104] [105] [106] [107] [108] [109] [110] [-1] [112] [113] [114] [115] [117] [118] [119] [120] [121] [122] [123] [124] [125] [0] [0] [0] [0] 
17:21:46.382 -> Recoverd Node ==>[1] [2] [4] [6] [5] [2] [0] [0] [0] [0] 
17:21:46.423 -> Scan finished with :9830504  uS


>>>>>>>>>>>>>Session 04>>>>>>>>>>>>>>>
17:21:46.012 -> Scan ==>0
17:21:46.012 -> Recoverd Spectrum ==>[66] [77] [96] [116] [90] [111] [0] [0] [0] [0] 
17:21:46.059 -> NON Recoverd Spectrum ==>[61] [62] [63] [64] [65] [67] [68] [69] [70] [71] [72] [73] [74] [75] [76] [78] [79] [80] [81] [82] [83] [84] [85] [86] [87] [88] [89] [-1] [91] [92] [93] [94] [95] [97] [98] [99] [100] [101] [102] [103] [104] [105] [106] [107] [108] [109] [110] [-1] [112] [113] [114] [115] [117] [118] [119] [120] [121] [122] [123] [124] [125] [0] [0] [0] [0] 
17:21:46.382 -> Recoverd Node ==>[1] [2] [4] [6] [5] [2] [0] [0] [0] [0] 
17:21:46.423 -> Scan finished with :9830504  uS


>>>>>>>>>>>>>Session 05>>>>>>>>>>>>>>>
17:26:40.357 -> Scan ==>0
17:26:40.357 -> Recoverd Spectrum ==>[66] [77] [96] [107] [105] [0] [0] [0] [0] [0] 
17:26:40.398 -> NON Recoverd Spectrum ==>[61] [62] [63] [64] [65] [67] [68] [69] [70] [71] [72] [73] [74] [75] [76] [78] [79] [80] [81] [82] [83] [84] [85] [86] [87] [88] [89] [90] [91] [92] [93] [94] [95] [97] [98] [99] [100] [101] [102] [103] [104] [-1] [106] [108] [109] [110] [111] [112] [113] [114] [115] [116] [117] [118] [119] [120] [121] [122] [123] [124] [125] [0] [0] [0] [0] 
17:26:40.694 -> Recoverd Node ==>[1] [2] [4] [5] [2] [0] [0] [0] [0] [0] 
17:26:40.772 -> Scan finished with :9829810  uS


>>>>>>>>>>>>>Session 06>>>>>>>>>>>>>>>
17:30:20.196 -> Scan ==>0
17:30:20.243 -> Recoverd Spectrum ==>[76] [107] [122] [70] [94] [0] [0] [0] [0] [0] 
17:30:20.243 -> NON Recoverd Spectrum ==>[61] [62] [63] [64] [65] [66] [67] [68] [69] [-1] [71] [72] [73] [74] [75] [77] [78] [79] [80] [81] [82] [83] [84] [85] [86] [87] [88] [89] [90] [91] [92] [93] [-1] [95] [96] [97] [98] [99] [100] [101] [102] [103] [104] [105] [106] [108] [109] [110] [111] [112] [113] [114] [115] [116] [117] [118] [119] [120] [121] [-1] [123] [124] [125] [0] [0] 
17:30:20.573 -> Recoverd Node ==>[2] [5] [4] [4] [5] [0] [0] [0] [0] [0] 
17:30:20.620 -> Scan finished with :9825904  uS


>>>>>>>>>>>>>Session 07>>>>>>>>>>>>>>>
17:32:42.666 -> Scan ==>0
17:32:42.666 -> Recoverd Spectrum ==>[76] [96] [106] [116] [0] [0] [0] [0] [0] [0] 
17:32:42.713 -> NON Recoverd Spectrum ==>[61] [62] [63] [64] [65] [66] [67] [68] [69] [70] [71] [72] [73] [74] [75] [77] [78] [79] [80] [81] [82] [83] [84] [85] [86] [87] [88] [89] [90] [91] [92] [93] [94] [95] [97] [98] [99] [100] [101] [102] [103] [104] [105] [107] [108] [109] [110] [111] [112] [113] [114] [115] [117] [118] [119] [120] [121] [122] [123] [124] [125] [0] [0] [0] [0] 
17:32:42.995 -> Recoverd Node ==>[2] [4] [5] [6] [0] [0] [0] [0] [0] [0] 
17:32:43.041 -> Scan finished with :9829467  uS


>>>>>>>>>>>>>Session 08>>>>>>>>>>>>>>>
17:34:21.111 -> Scan ==>0
17:34:21.111 -> Recoverd Spectrum ==>[77] [106] [117] [124] [0] [0] [0] [0] [0] [0] 
17:34:21.158 -> NON Recoverd Spectrum ==>[61] [62] [63] [64] [65] [66] [67] [68] [69] [70] [71] [72] [73] [74] [75] [76] [78] [79] [80] [81] [82] [83] [84] [85] [86] [87] [88] [89] [90] [91] [92] [93] [94] [95] [96] [97] [98] [99] [100] [101] [102] [103] [104] [105] [107] [108] [109] [110] [111] [112] [113] [114] [115] [116] [-1] [118] [119] [120] [121] [122] [123] [-1] [125] [0] [0] 
17:34:21.487 -> Recoverd Node ==>[2] [5] [6] [2] [0] [0] [0] [0] [0] [0] 
17:34:21.535 -> Scan finished with :9828605  uS


>>>>>>>>>>>>>Session 09>>>>>>>>>>>>>>>
17:35:53.325 -> Scan ==>0
17:35:53.325 -> Recoverd Spectrum ==>[77] [107] [116] [112] [0] [0] [0] [0] [0] [0] 
17:35:53.372 -> NON Recoverd Spectrum ==>[61] [62] [63] [64] [65] [66] [67] [68] [69] [70] [71] [72] [73] [74] [75] [76] [78] [79] [80] [81] [82] [83] [84] [85] [86] [87] [88] [89] [90] [91] [92] [93] [94] [95] [96] [97] [98] [99] [100] [101] [102] [103] [104] [105] [106] [108] [109] [110] [111] [-1] [113] [114] [115] [117] [118] [119] [120] [121] [122] [123] [124] [125] [0] [0] [0] 
17:35:53.701 -> Recoverd Node ==>[2] [5] [6] [4] [0] [0] [0] [0] [0] [0] 
17:35:53.748 -> Scan finished with :9831893  uS


>>>>>>>>>>>>>Session 010>>>>>>>>>>>>>>>
17:38:03.446 -> Scan ==>0
17:38:03.446 -> Recoverd Spectrum ==>[66] [77] [96] [106] [105] [0] [0] [0] [0] [0] 
17:38:03.493 -> NON Recoverd Spectrum ==>[61] [62] [63] [64] [65] [67] [68] [69] [70] [71] [72] [73] [74] [75] [76] [78] [79] [80] [81] [82] [83] [84] [85] [86] [87] [88] [89] [90] [91] [92] [93] [94] [95] [97] [98] [99] [100] [101] [102] [103] [104] [-1] [107] [108] [109] [110] [111] [112] [113] [114] [115] [116] [117] [118] [119] [120] [121] [122] [123] [124] [125] [0] [0] [0] [0] 
17:38:03.823 -> Recoverd Node ==>[1] [2] [4] [5] [2] [0] [0] [0] [0] [0] 
17:38:03.870 -> Scan finished with :9831203  uS

>>>>>>>>>>>>>Session 011>>>>>>>>>>>>>>>




