7
5
2
3
0
9
1
4
Execution Time : 0.03657 seconds
>>> %Run stake.py
1
1
1
2
0
2
1
3
1
1
[30, 40, 47, 120, 0, 108, 63, 78, 70, 84]
Winner is Node 4
2
2
2
0
1
3
2
4
2
2
[60, 80, 94, 0, 97, 162, 126, 104, 140, 168]
Winner is Node 10
3
3
3
1
2
4
3
5
3
0
[90, 120, 141, 60, 194, 216, 189, 130, 210, 0]
Winner is Node 6
4
4
4
2
3
0
4
6
4
1
[120, 160, 188, 120, 291, 0, 252, 156, 280, 84]
Winner is Node 5
5
5
5
3
0
1
5
7
5
2
[150, 200, 235, 180, 0, 54, 315, 182, 350, 168]
Winner is Node 9
6
6
6
4
1
2
6
8
0
3
[180, 240, 282, 240, 97, 108, 378, 208, 0, 252]
Winner is Node 7
7
7
7
5
2
3
0
9
1
4
Execution Time : 0.03721 seconds
>>> %Run stake.py
1
1
1
2
0
2
1
3
1
1
[30, 40, 47, 120, 0, 108, 63, 78, 70, 84]
Winner is Node 4
2
2
2
0
1
3
2
4
2
2
[60, 80, 94, 0, 97, 162, 126, 104, 140, 168]
Winner is Node 10
3
3
3
1
2
4
3
5
3
0
[90, 120, 141, 60, 194, 216, 189, 130, 210, 0]
Winner is Node 6
4
4
4
2
3
0
4
6
4
1
[120, 160, 188, 120, 291, 0, 252, 156, 280, 84]
Winner is Node 5
5
5
5
3
0
1
5
7
5
2
[150, 200, 235, 180, 0, 54, 315, 182, 350, 168]
Winner is Node 9
6
6
6
4
1
2
6
8
0
3
[180, 240, 282, 240, 97, 108, 378, 208, 0, 252]
Winner is Node 7
7
7
7
5
2
3
0
9
1
4
Execution Time : 0.03727 seconds
>>> %Run stake.py
1
1
1
2
0
2
1
3
1
1
[30, 40, 47, 120, 0, 108, 63, 78, 70, 84]
Winner is Node 4
2
2
2
0
1
3
2
4
2
2
[60, 80, 94, 0, 97, 162, 126, 104, 140, 168]
Winner is Node 10
3
3
3
1
2
4
3
5
3
0
[90, 120, 141, 60, 194, 216, 189, 130, 210, 0]
Winner is Node 6
4
4
4
2
3
0
4
6
4
1
[120, 160, 188, 120, 291, 0, 252, 156, 280, 84]
Winner is Node 5
5
5
5
3
0
1
5
7
5
2
[150, 200, 235, 180, 0, 54, 315, 182, 350, 168]
Winner is Node 9
6
6
6
4
1
2
6
8
0
3
[180, 240, 282, 240, 97, 108, 378, 208, 0, 252]
Winner is Node 7
7
7
7
5
2
3
0
9
1
4
Execution Time : 0.04104 seconds
>>> %Run stake.py
1
1
1
2
0
2
1
3
1
1
[30, 40, 47, 120, 0, 108, 63, 78, 70, 84]
Winner is Node 4
2
2
2
0
1
3
2
4
2
2
[60, 80, 94, 0, 97, 162, 126, 104, 140, 168]
Winner is Node 10
3
3
3
1
2
4
3
5
3
0
[90, 120, 141, 60, 194, 216, 189, 130, 210, 0]
Winner is Node 6
4
4
4
2
3
0
4
6
4
1
[120, 160, 188, 120, 291, 0, 252, 156, 280, 84]
Winner is Node 5
5
5
5
3
0
1
5
7
5
2
[150, 200, 235, 180, 0, 54, 315, 182, 350, 168]
Winner is Node 9
6
6
6
4
1
2
6
8
0
3
[180, 240, 282, 240, 97, 108, 378, 208, 0, 252]
Winner is Node 7
7
7
7
5
2
3
0
9
1
4
Execution Time : 0.03624 seconds
>>> %Run stake.py
1
1
1
2
0
2
1
3
1
1
[30, 40, 47, 120, 0, 108, 63, 78, 70, 84]
Winner is Node 4
2
2
2
0
1
3
2
4
2
2
[60, 80, 94, 0, 97, 162, 126, 104, 140, 168]
Winner is Node 10
3
3
3
1
2
4
3
5
3
0
[90, 120, 141, 60, 194, 216, 189, 130, 210, 0]
Winner is Node 6
4
4
4
2
3
0
4
6
4
1
[120, 160, 188, 120, 291, 0, 252, 156, 280, 84]
Winner is Node 5
5
5
5
3
0
1
5
7
5
2
[150, 200, 235, 180, 0, 54, 315, 182, 350, 168]
Winner is Node 9
6
6
6
4
1
2
6
8
0
3
[180, 240, 282, 240, 97, 108, 378, 208, 0, 252]
Winner is Node 7
7
7
7
5
2
3
0
9
1
4
Execution Time : 0.03647 seconds
>>> %Run stake.py
1
1
1
2
0
2
1
3
1
1
[30, 40, 47, 120, 0, 108, 63, 78, 70, 84]
Winner is Node 4
2
2
2
0
1
3
2
4
2
2
[60, 80, 94, 0, 97, 162, 126, 104, 140, 168]
Winner is Node 10
3
3
3
1
2
4
3
5
3
0
[90, 120, 141, 60, 194, 216, 189, 130, 210, 0]
Winner is Node 6
4
4
4
2
3
0
4
6
4
1
[120, 160, 188, 120, 291, 0, 252, 156, 280, 84]
Winner is Node 5
5
5
5
3
0
1
5
7
5
2
[150, 200, 235, 180, 0, 54, 315, 182, 350, 168]
Winner is Node 9
6
6
6
4
1
2
6
8
0
3
[180, 240, 282, 240, 97, 108, 378, 208, 0, 252]
Winner is Node 7
7
7
7
5
2
3
0
9
1
4
Execution Time : 0.03688 seconds
>>> %Run stake.py
1
1
1
2
0
2
1
3
1
1
[30, 40, 47, 120, 0, 108, 63, 78, 70, 84]
Winner is Node 4
2
2
2
0
1
3
2
4
2
2
[60, 80, 94, 0, 97, 162, 126, 104, 140, 168]
Winner is Node 10
3
3
3
1
2
4
3
5
3
0
[90, 120, 141, 60, 194, 216, 189, 130, 210, 0]
Winner is Node 6
4
4
4
2
3
0
4
6
4
1
[120, 160, 188, 120, 291, 0, 252, 156, 280, 84]
Winner is Node 5
5
5
5
3
0
1
5
7
5
2
[150, 200, 235, 180, 0, 54, 315, 182, 350, 168]
Winner is Node 9
6
6
6
4
1
2
6
8
0
3
[180, 240, 282, 240, 97, 108, 378, 208, 0, 252]
Winner is Node 7
7
7
7
5
2
3
0
9
1
4
Execution Time : 0.04210 seconds
>>> %Run stake.py
1
1
1
2
0
2
1
3
1
1
[30, 40, 47, 120, 0, 108, 63, 78, 70, 84]
Winner is Node 4
2
2
2
0
1
3
2
4
2
2
[60, 80, 94, 0, 97, 162, 126, 104, 140, 168]
Winner is Node 10
3
3
3
1
2
4
3
5
3
0
[90, 120, 141, 60, 194, 216, 189, 130, 210, 0]
Winner is Node 6
4
4
4
2
3
0
4
6
4
1
[120, 160, 188, 120, 291, 0, 252, 156, 280, 84]
Winner is Node 5
5
5
5
3
0
1
5
7
5
2
[150, 200, 235, 180, 0, 54, 315, 182, 350, 168]
Winner is Node 9
6
6
6
4
1
2
6
8
0
3
[180, 240, 282, 240, 97, 108, 378, 208, 0, 252]
Winner is Node 7
7
7
7
5
2
3
0
9
1
4
Execution Time : 0.03804 seconds
>>> %Run stake.py
1
1
1
2
0
2
1
3
1
1
[30, 40, 47, 120, 0, 108, 63, 78, 70, 84]
Winner is Node 4
2
2
2
0
1
3
2
4
2
2
[60, 80, 94, 0, 97, 162, 126, 104, 140, 168]
Winner is Node 10
3
3
3
1
2
4
3
5
3
0
[90, 120, 141, 60, 194, 216, 189, 130, 210, 0]
Winner is Node 6
4
4
4
2
3
0
4
6
4
1
[120, 160, 188, 120, 291, 0, 252, 156, 280, 84]
Winner is Node 5
5
5
5
3
0
1
5
7
5
2
[150, 200, 235, 180, 0, 54, 315, 182, 350, 168]
Winner is Node 9
6
6
6
4
1
2
6
8
0
3
[180, 240, 282, 240, 97, 108, 378, 208, 0, 252]
Winner is Node 7
7
7
7
5
2
3
0
9
1
4
Execution Time : 0.04911 seconds
>>> %Run stake.py
1
1
1
2
0
2
1
3
1
1
[30, 40, 47, 120, 0, 108, 63, 78, 70, 84]
Winner is Node 4
2
2
2
0
1
3
2
4
2
2
[60, 80, 94, 0, 97, 162, 126, 104, 140, 168]
Winner is Node 10
3
3
3
1
2
4
3
5
3
0
[90, 120, 141, 60, 194, 216, 189, 130, 210, 0]
Winner is Node 6
4
4
4
2
3
0
4
6
4
1
[120, 160, 188, 120, 291, 0, 252, 156, 280, 84]
Winner is Node 5
5
5
5
3
0
1
5
7
5
2
[150, 200, 235, 180, 0, 54, 315, 182, 350, 168]
Winner is Node 9
6
6
6
4
1
2
6
8
0
3
[180, 240, 282, 240, 97, 108, 378, 208, 0, 252]
Winner is Node 7
7
7
7
5
2
3
0
9
1
4
Execution Time : 0.03692 seconds